[soe][Equalizer#0]
inputGain=-7.6
numBands=10

[soe][Equalizer#0#left]
band0Frequency=105
band0Gain=8.899999618530273
band0Mode=6
band0Q=0.699999988079071
band0Type=5
band10Type=0
band11Type=0
band12Type=0
band13Type=0
band14Type=0
band15Type=0
band16Type=0
band17Type=0
band18Type=0
band19Type=0
band1Frequency=41.400001525878906
band1Gain=-2.9000000953674316
band1Mode=6
band1Q=0.8999999761581421
band20Type=0
band21Type=0
band22Type=0
band23Type=0
band24Type=0
band25Type=0
band26Type=0
band27Type=0
band28Type=0
band29Type=0
band2Frequency=72.5
band2Gain=-3.0999999046325684
band2Mode=6
band2Q=0.7300000190734863
band30Type=0
band31Type=0
band3Frequency=411.1000061035156
band3Gain=0.699999988079071
band3Mode=6
band3Q=1.840000033378601
band4Frequency=474.70001220703125
band4Gain=-0.10000000149011612
band4Mode=6
band4Q=1.7899999618530273
band5Frequency=623.5
band5Gain=0.800000011920929
band5Mode=6
band5Q=1.190000057220459
band6Frequency=1891
band6Gain=5
band6Mode=6
band6Q=1.5700000524520874
band7Frequency=4263.89990234375
band7Gain=-2.0999999046325684
band7Mode=6
band7Q=6
band8Frequency=6286.10009765625
band8Gain=-6
band8Mode=6
band8Q=1.2899999618530273
band9Frequency=10000
band9Gain=-2.4000000953674316
band9Mode=6
band9Q=0.699999988079071
band9Type=3

[soe][Equalizer#0#right]
band0Frequency=105
band0Gain=8.899999618530273
band0Mode=6
band0Q=0.699999988079071
band0Type=5
band10Type=0
band11Type=0
band12Type=0
band13Type=0
band14Type=0
band15Type=0
band16Type=0
band17Type=0
band18Type=0
band19Type=0
band1Frequency=41.400001525878906
band1Gain=-2.9000000953674316
band1Mode=6
band1Q=0.8999999761581421
band20Type=0
band21Type=0
band22Type=0
band23Type=0
band24Type=0
band25Type=0
band26Type=0
band27Type=0
band28Type=0
band29Type=0
band2Frequency=72.5
band2Gain=-3.0999999046325684
band2Mode=6
band2Q=0.7300000190734863
band30Type=0
band31Type=0
band3Frequency=411.1000061035156
band3Gain=0.699999988079071
band3Mode=6
band3Q=1.840000033378601
band4Frequency=474.70001220703125
band4Gain=-0.10000000149011612
band4Mode=6
band4Q=1.7899999618530273
band5Frequency=623.5
band5Gain=0.800000011920929
band5Mode=6
band5Q=1.190000057220459
band6Frequency=1891
band6Gain=5
band6Mode=6
band6Q=1.5700000524520874
band7Frequency=4263.89990234375
band7Gain=-2.0999999046325684
band7Mode=6
band7Q=6
band8Frequency=6286.10009765625
band8Gain=-6
band8Mode=6
band8Q=1.2899999618530273
band9Frequency=10000
band9Gain=-2.4000000953674316
band9Mode=6
band9Q=0.699999988079071
band9Type=3
